0 6548
1 590
2 1910
3 929
4 243
5 33
6 4125
7 648
8 824
9 3011
10 320
11 231
12 3717
13 2260
14 141
15 2582
16 546
17 130
18 369
19 338
20 481
21 1094
22 1301
23 282
24 152
25 64
26 158
27 433
28 1726
29 282
30 6358
31 217
32 2889
33 371
34 412
35 590
36 1654
37 591
38 4505
39 856
40 492
41 1052
42 2486
43 904
44 3589
45 1677
46 1631
47 1715
48 1728
49 210
50 294
51 1012
52 1085
53 181
54 5088
55 529
56 2034
57 715
58 3520
59 565
60 3231
61 289
62 11280
63 621
64 2453
65 1711
66 2175
67 615
68 384
69 534
70 3345
71 1059
72 2314
73 1259
74 1741
75 1028
76 4311
77 984
78 3890
79 1116
80 2242
81 923
82 1421
83 295
84 1717
85 457
86 5087
87 1491
88 3114
89 429
90 2402
91 506
92 735
93 539
94 10566
95 534
96 2771
97 379
98 1620
99 476
100 484
101 442
102 3991
103 1593
104 553
105 725
106 1253
107 268
108 3094
109 716
110 3718
111 1234
112 2712
113 222
114 1776
115 331
116 872
117 1036
118 4718
119 341
120 2532
121 282
122 299
123 255
124 1012
125 624
126 6960
127 291
128 677
129 953
130 1392
131 595
132 2556
133 1004
134 371
135 760
136 499
137 203
138 1153
139 424
140 763
141 936
142 1429
143 171
144 2705
145 350
146 2298
147 941
148 1846
149 389
150 3549
151 315
152 427
153 326
154 1150
155 396
156 1941
157 386
158 1606
159 617
160 726
161 587
162 3232
163 751
164 1704
165 746
166 3288
167 496
168 1359
169 380
170 1940
171 402
172 2161
173 300
174 6014
175 258
176 2514
177 555
178 1647
179 216
180 3459
181 518
182 1506
183 520
184 679
185 186
186 1120
187 254
188 694
189 243
190 1222
191 188
192 1552
193 416
194 930
195 296
196 857
197 181
198 1918
199 308
200 516
201 380
202 1336
203 149
204 875
205 110
206 2205
207 175
208 1169
209 196
210 2136
211 328
212 334
213 297
214 831
215 250
216 1401
217 220
218 1466
219 222
220 825
221 229
222 1360
223 302
224 801
225 208
226 417
227 278
228 1563
229 192
230 757
231 546
232 520
233 272
234 6623
235 163
236 2251
237 1015
238 2264
239 467
240 2315
241 376
242 1183
243 713
244 1649
245 597
246 3633
247 344
248 2925
249 1172
250 1426
251 429
252 4259
253 309
254 4658
255 1071
256 2260
257 674
258 3018
259 554
260 2099
261 1405
262 2074
263 1083
264 4012
265 425
266 11694
267 1035
268 1957
269 1010
270 3040
271 542
272 4745
273 1048
274 1570
275 1051
276 3540
277 1069
278 3819
279 1075
280 1282
281 1311
282 3424
283 713
284 6415
285 809
286 2350
287 972
288 3030
289 326
290 4266
291 883
292 1250
293 3320
294 3507
295 444
296 1905
297 705
298 9134
299 1680
300 2956
301 351
302 2444
303 939
304 4327
305 1258
306 3030
307 443
308 3716
309 1430
310 1894
311 1042
312 1715
313 500
314 3120
315 1260
316 3879
317 979
318 2810
319 445
320 3385
321 861
322 3049
323 1040
324 2933
325 2097
326 2415
327 736
328 1673
329 992
330 6396
331 1259
332 3411
333 1073
334 3138
335 808
336 4162
337 883
338 3353
339 1256
340 2258
341 1067
342 2104
343 773
344 2228
345 1031
346 2012
347 1174
348 6583
349 560
350 3488
351 1245
352 3481
353 853
354 4251
355 678
356 2404
357 1206
358 2964
359 852
360 2441
361 841
362 2123
363 1943
364 16519
365 1411
366 3491
367 729
368 3403
369 1309
370 4261
371 907
372 2843
373 723
374 2130
375 1208
376 1616
377 634
378 4459
379 610
380 4443
381 1208
382 4123
383 894
384 4073
385 782
386 2155
387 1293
388 1995
389 942
390 3331
391 1116
392 1941
393 2266
394 2664
395 1256
396 8866
397 1017
398 2302
399 2139
400 7285
401 934
402 4617
403 1021
404 1900
405 1644
406 1831
407 939
408 2972
409 742
410 2469
411 2138
412 3188
413 967
414 3491
415 1041
416 2010
417 2043
418 1851
419 2022
420 3325
421 1895
422 2298
423 2719
424 1735
425 1195
426 3592
427 1205
428 5298
429 2682
430 1912
431 1488
432 3479
433 876
434 3161
435 4363
436 3348
437 2149
438 6890
439 1446
440 2123
441 1856
442 4309
443 1843
444 5472
445 1275
446 2056
447 2886
448 1715
449 1908
450 2246
451 1931
452 5870
453 6556
454 3788
455 1576
456 6299
457 1140
458 4955
459 2463
460 3497
461 2650
462 3565
463 1097
464 3322
465 2584
466 3052
467 4419
468 3615
469 1601
470 9777
471 4980
472 4012
473 1415
474 2826
475 1698
476 8030
477 3507
478 2293
479 2141
480 2078
481 1556
482 4883
483 3525
484 2742
485 4654
486 3454
487 1825
488 9209
489 2285
490 4916
491 2690
492 2413
493 1535
494 6439
495 2992
496 2043
497 1955
498 2416
499 2662
500 2815
501 2936
502 7662
503 4380
504 2290
505 1665
506 2956
507 2457
508 3486
509 2213
510 2238
511 2164
512 4325
513 2083
514 2317
515 2184
516 2628
517 2182
518 4614
519 1938
520 6090
521 1657
522 3318
523 1959
524 2945
525 1956
526 5509
527 4015
528 2258
529 1937
530 2543
531 2253
532 2405
533 1559
534 5361
535 3154
536 2540
537 1499
538 3186
539 1989
540 2685
541 2037
542 4707
543 2130
544 2891
545 1582
546 2519
547 1510
548 2320
549 1647
550 4045
551 2412
552 3819
553 1506
554 2375
555 1382
556 2929
557 1581
558 3620
559 2088
560 3809
561 1321
562 2651
563 1371
564 2246
565 2136
566 1863
567 1638
568 2192
569 931
570 2878
571 1697
572 3562
573 1009
574 2082
575 1569
576 2789
577 958
578 1512
579 1040
580 1546
581 971
582 2403
583 1393
584 1521
585 881
586 1437
587 1351
588 2233
589 932
590 2145
591 1027
592 1787
593 645
594 1727
595 816
596 1934
597 1367
598 890
599 793
600 1182
601 813
602 2181
603 1255
604 1311
605 820
606 1523
607 721
608 1317
609 827
610 1129
611 874
612 997
613 574
614 1298
615 989
616 926
617 635
618 1545
619 701
620 1530
621 822
622 1139
623 602
624 1706
625 451
626 1195
627 817
628 658
629 756
630 1884
631 661
632 978
633 768
634 821
635 570
636 1294
637 504
638 1079
639 464
640 602
641 534
642 1462
643 462
644 512
645 802
646 793
647 634
648 784
649 414
650 1281
651 755
652 1386
653 341
654 1268
655 367
656 602
657 453
658 457
659 558
660 597
661 423
662 523
663 459
664 398
665 404
666 904
667 372
668 827
669 308
670 745
671 503
672 749
673 329
674 1350
675 704
676 405
677 550
678 2038
679 723
680 452
681 408
682 734
683 657
684 830
685 352
686 1017
687 477
688 928
689 469
690 748
691 480
692 831
693 511
694 961
695 516
696 505
697 506
698 593
699 391
700 939
701 457
702 913
703 607
704 899
705 397
706 1243
707 492
708 742
709 765
710 629
711 491
712 1309
713 355
714 534
715 502
716 522
717 536
718 2461
719 499
720 817
721 1095
722 759
723 647
724 1444
725 672
726 667
727 1457
728 367
729 435
730 2998
731 472
732 1015
733 885
734 1123
735 459
736 1118
737 313
738 900
739 827
740 745
741 811
742 1260
743 508
744 595
745 528
746 682
747 443
748 2020
749 478
750 2001
751 606
752 818
753 447
754 2241
755 495
756 782
757 518
758 603
759 645
760 483
761 545
762 2109
763 1209
764 703
765 486
766 605
767 381
768 952
769 308
770 911
771 371
772 756
773 483
774 1039
775 556
776 748
777 493
778 1315
779 253
780 1330
781 418
782 638
783 348
784 914
785 273
786 1638
787 864
788 998
789 398
790 686
791 450
792 474
793 529
794 507
795 656
796 496
797 297
798 783
799 472
800 705
801 314
802 594
803 263
804 811
805 539
806 699
807 394
808 655
809 354
810 1378
811 432
812 656
813 294
814 279
815 244
816 1198
817 348
818 766
819 287
820 527
821 558
822 902
823 364
824 409
825 335
826 495
827 217
828 748
829 304
830 342
831 291
832 553
833 346
834 1333
835 294
836 418
837 683
838 450
839 303
840 826
841 240
842 476
843 511
844 513
845 187
846 382
847 339
848 413
849 440
850 459
851 214
852 560
853 731
854 367
855 275
856 580
857 250
858 726
859 254
860 298
861 231
862 637
863 231
864 642
865 226
866 542
867 323
868 564
869 348
870 658
871 228
872 362
873 323
874 526
875 203
876 840
877 357
878 538
879 396
880 537
881 168
882 796
883 388
884 460
885 662
886 750
887 228
888 818
889 345
890 609
891 446
892 688
893 262
894 684
895 329
896 562
897 401
898 632
899 284
900 867
901 452
902 523
903 257
904 892
905 206
906 790
907 414
908 948
909 360
910 1011
911 305
912 991
913 581
914 589
915 326
916 753
917 525
918 827
919 538
920 614
921 353
922 1665
923 238
924 1117
925 387
926 738
927 613
928 1065
929 360
930 1218
931 597
932 694
933 1051
934 1323
935 272
936 920
937 734
938 806
939 428
940 886
941 228
942 1057
943 519
944 902
945 4896
946 1519
947 469
948 1084
949 795
950 610
951 369
952 752
953 628
954 1891
955 510
956 879
957 608
958 1046
959 338
960 1255
961 446
962 694
963 596
964 696
965 1745
966 1971
967 510
968 986
969 469
970 1197
971 408
972 1516
973 246
974 561
975 505
976 544
977 369
978 1879
979 426
980 627
981 2387
982 806
983 315
984 688
985 268
986 655
987 597
988 902
989 410
990 6479